88970825
7367409
53150777
44091932
4256252
4861530
44269305
1009009
191496296
7358362
8636734
3282593
23058738
31490437
65445533
80752913
35384233
29949
100015799
125606882
2407217
80782433
166587575
969845
27258695
94610821
58311617
57300349
93237312
100698735
141000322
95688901
73189848
4731660
39213888
33167104
33147958
146437641
12886882
117194971
9412924
301845
26927964
9950909
20269400
35620660
533680
159100853
20277946
45140803
40980525
25550458
21782406
159966913
166743187
179945698
53627291
6097502
14550037
66025848
71727174
107890185
3187070
96580765
107112828
19831
443068
55642
9057568
47086743
16644128
1357155
27604683
13419581
35711092
6386588
59315998
1985145
2179446
34583135
24908741
6932536
3000157
42662795
2571806
29353295
76896636
19930042
17085961
73367
6847263
7008493
46676268
53435911
2498660
40726517
36656093
59946328
51253
2826288
42391801
2099100
118293083
5724650
96970710
57524181
9177
7352481
4763261
7689041
7165961
31363118
35464823
197676698
186901140
189819071
29717744
53512936
10168371
18812741
31433716
28859194
29388638
1438368
387526
41947571
337783
83271810
76487365
13942552
19766934
5862270
23826
5892776
31672470
53268767
49470
67645582
37573279
6594149
18010314
158563644
2622
82538
9905153
156305131
6883010
48080737
10153697
5946629
2031736
111591489
3865086
90287840
131345016
20032106
196323
1982269
12831017
970524
4538834
3347001
13934679
35267785
109509946
17543579
86690367
98114691
3704958
3921
1172207
25691529
15271322
31329638
7431271
104861
144473
4026
1123846
13344597
8254746
13520615
7526296
7976507
6296409
14405653
14628807
65782852
15535214
15423794
15513781
921253
4771212
17914188
103891748
482863
81109660
3156935
115882436
70236364
10780387
41207184
41162057
14819
53110335
35119413
39687609
39668357
28082
16405606
41460029
148909899
82659033
131387
5000490
32204138
17005483
233743
121401
2889
26600153
105430427
54076698
87098185
15091
85899851
55819743
66383541
21462821
76017841
146768996
5103207
14995128
20477
70461174
84214674
21128680
63365
24397729
74264829
28655735
64633794
94710483
83295188
68135767
156841
41834154
17002170
144719453
123872591
27291
72253
112618983
33990539
166495394
73004954
7466073
71602281
7822034
22438221
12443588
25178838
8490401
8679551
9685754
11617740
10531566
39049436
27194844
180
25084450
20173715
117219952
49973408
75775359
5794166
4127336
26522162
25982717
51495159
14912026
40957199
370724
8625785
47963771
125512790
6601524
2551341
59680973
2165677
234127087
11003352
432480
20717
41116507
18808674
2987325
114674
10725366
13739567
10581580
83584
10653094
4017345
765309
1036453
179996
6723
3896
73032735
8886376
7823864
5923951
18445503
8167773
77
38521
7422
19308293
27117688
6054154
27652614
10867007
43838855
9185162
94
17187227
2768512
26248268
9314545
178720
35969972
69653350
135047015
111435650
160747
26753743
26749969
3246914
40246963
128
22294
1081160
7792
2563585
5610398
149509521
11248087
11571138
2806469
23870581
24193632
31855921
256486
42945461
11260568
40282983
169289084
142299206
45302077
91140936
49831204
9529617
4519783
173632502
89976339
16025795
123773116
128321081
56316416
45561056
64208743
1533196
29908255
18640212
1554616
37597936
27923542
3909977
6784966
127745283
112291278
11142630
48874642
1783300
6729274
1802432
2263201
28126284
2923608
4914585
8152256
21615
9061374
1063026
1625883
1561908
1717556
44675877
4854
21340
21651104
82104636
11378022
2307878
6125630
41590849
278326
2117978
26353138
6318777
2388259
7440915
5056167
3104614
186822
2934309
25337490
25886773
2667061
8710114
4995272
5039704
2654956
45098918
22991447
4519
66735
92573551
213860
40684406
94883104
7962320
8821
8071644
3347374
44925226
52316011
143
242
19269963
30
61151
72554
425770
780903
597592
95566
169235
17942724
684222
609081
180704
500911
1943871
6305935
53820449
30047024
40433034
5191
178908
18217414
18435270
173717
1520950
36379222
259728
3872977
457
1331905
487639
369039
3499139
26159991
104813798
105417359
7170122
1092783
17891219
98696609
7638
58763
27366893
12018307
29283950
60984232
28166811
65213920
160716803
164541786
60064376
184458489
220784456
86908413
43768642
61833
17239765
19190388
47972613
46590583
44486686
22325425
11341696
46730813
1753267
68096349
26953
32457
81142
19245
325477
346141
11917
466117
48488
383556
404220
3492
1903789
6767408
81423777
5880912
153488891
30165133
8357757
126995903
126689031
34390089
26286034
21290525
160999234
2427962
117451254
161537219
36471525
26993329
21789484
93483216
36109927
357105
118629742
303671
24831483
47772587
26796659
118322870
9475597
5020641
32705531
33067129
6071201
3397212
336098
2143
120393615
110780702
77630053
593257
163219
69977235
8071576
128177829
18196383
51867029
65257
10149698
314743
15324825
46803893
53256654
2959972
15815962
28869173
52644
8327921
61742
59807304
135019435
26037718
149892513
403192
4321876
9426469
982756
3294514
14051607
1111555
36714497
25363805
23891127
173140614
9319599
32446
16483
48485971
79010257
121526074
331042
26923
67164543
1936801
72927
31569975
1208502
148649236
43991820
2528654
10745154
9242142
11495
35749
159094
101242
39180399
17871
151837289
439738
28755145
117668244
6680079
21451867
10840
28303482
20147754
15824613
20718547
6815564
5857153
5159278
313417
63503
84167
21871587
31699
357505
23306612
40053
6442573
3254439
35414182
2492
31633629
589864
46937409
45724357
2200902
127623857
57512186
14408992
34691187
37082524
46363654
7877402
1197079
8335435
8189142
2185023
34498040
42090748
42135180
22307895
5819684
16704353
54252067
37205269
128782194
19149
89898969
32934553
1008190
23919
4714834
9713654
2067586
22736
48438
6624408
98900
36501090
53918741
46824090
12047505
16014298
7808522
31686392
2135057
2078
278797
179481996
297134
1790857
138218923
13154
4022
284731
958657
218967
27709124
46941799
11975506
12947221
44785016
138487189
137660505
138196993
4652
138500617
138210421
84223
699
8856030
30551960
2534175
541452
65999
36036
8090782
47577936
42561006
100329694
102895987
13376584
15321942
10933
19212681
77913868
58681703
28048
54236574
102400
60875266
584
3625286
1551295
37076090
16286300
6172086
63811630
26117732
2095651
19021919
568561
65916628
46281550
41242627
302529
689032
277210
640054
529511
668352
44311853
7790433
9762232
9883991
28141435
56651
19822231
5357758
21966364
55286673
48840
65191873
65149441
40128
8594302
1675124
40834672
43696
3351222
1733350
87512
115014888
44046953
56158625
4070217
68939
83599917
41644128
7047709
6968
87475
118449576
521831
1382541
66
34208003
28579566
26332040
54568769
4553546
4534294
104753
13468
41919850
23458768
11602813
84545241
11253282
17724029
22121936
49537761
44027529
13437545
10423662
2348688
612993
3913725
37580
996084
22779
206098853
139806909
14319400
677528
18352148
29629217
666371
4439477
3030560
3007148
20655240
247
34306091
31630537
27932570
36321663
3562290
30140960
124895451
6899622
46642004
24224714
33764081
58228
24840552
2301701
67340313
357685
2263697
56270630
43268372
38758951
50931
33310
3335
12992
61059
70934
47111
82223
9423
38295
28381
65994
56864
68046
77161
54818
63979
13228
9161
67314265
172049828
22800341
42337
11554
4680
29169
51450984
7509536
5209572
3234339
1680674
489
25684
40364793
2796662
19436890
40888157
81927444
32784345
83025665
4427793
1636639
13218817
35084
66314
76919960
25378240
5054143
102654
87985
54874
37950776
40179068
22191
240916
430500
73626
18837
9157982
10483
53803609
25236
78165561
51116752
50593199
19434702
81677020
48355174
26347691
19150
17650571
43612025
16574023
209695
80476718
21339523
12339800
49581069
25846
202886779
1922466
1443434
456905
675683
1573
64843
18108
49877313
29334082
11314117
127053
102244421
38744751
101613644
120886735
31398915
10694
65054565
37527534
10457355
10185
225793
165347
27356636
102
34524614
19789766
465690
6149
72522204
37834708
230
31318540
36173802
4699450
538034
16789598
4007921
7814602
135606
185147
221470
19606495
42369
196400494
4465
3923387
4750806
3437355
12138507
46650094
53637782
41397702
48313973
67640453
24789052
51118901
20951247
670398
36539156
8190462
5183291
580865
957214
4179440
23802234
24860738
22383
8887677
19001739
13174337
23223
2472
141551643
10733213
855038
2198044
26048558
36156498
14478721
1240494
4875051
5247
255125
48390459
19722
9277083
105415
36314
392
15589
12562
64066370
61775318
17823602
17108766
266065
468194
121002
368156
785903
213
284679
7454511
119523
69229
1353303
1549223
9180323
3813589
56234810
104474133
55312
15978
5121
7350597
156967792
37172643
23205223
40706112
92609
559085
21137
1521007
69540
117672776
104150271
5539239
50018
1573
152486
57309210
231271
17901773
125977879
61167027
8316713
802544
8729635
8219739
18609954
28818290
21876254
89763798
10424417
22471
267168
54161665
4297448
104302
145983
87885
51422
7571
173978
12313667
98256
6405643
7126732
22568
32245656
2391295
590
1736246
176597175
25450
2104746
58740
171846606
872478
40070
38685513
1538330
368786
2363
12999042
237165
142604
84172
242861
5361629
8776
27966077
10220900
193666
33288448
146139
5316337
228279
1573403
79832
9336523
1061
2526
1440234
427757
240517
1223283
11095
12588
49649
131068
127642
11389
3426
3059
2970
16301795
11413
1363211
1367703
506
88021275
41532
954332
9707984
6695
486078
428864
630880
417507
474721
619523
11357
12405
38331
48482
129180
69619
72959
8883
181320
196076
22426
23264595
18783354
118423
50905
6882694
3373
38241
25696
4499
22323
34868
10048
1728
22917
10253
29434
2791
26643
316
2240
26582
2418
32484758
22647914
27042652
8047041
4397
7963
98749444
3856534
8274867
34666620
1250631
5001585
5262881
36114437
63388786
17497520
304
644099
226
146410729
24148080
27119770
71440494
33417119
83257020
24370253
211689820
2278651
5538
16390
36613
15972042
655
132834633
28426378
5716
24199
115551
50749391
24024241
22876143
6969322
6101
130197289
255597
11877912
40773506
98449564
1597835
47860279
75881827
55400533
346
82612539
3784
11039611
135950372
2450
115753
31730079
120040188
9
46533805
1274171
662344
2633339
459359
2473214
1202234
1920877
530116
3173229
44195691
3725566
199395
31433929
666004
63614673
31
1336335
3521165
2122514
112304
598294
2614276
67951
66566318
2353355
10776
3517
878146
28885127
181276730
4475
20362
8019
30276
62915
15389
22550
42553
96427
4929
83199
92360
25303
102274
93113
106341
4985
32639
9914
9875
138980
37624
134913
125752
99933
39579
29451
24516
13349
33646
145328
158556
90510
52215
19576
154489
62129
66287
45395
54556
118977
105749
129105
125038
120812
37613
134040
129973
27699
9130
30050
145207
131979
16102
38866
141140
11167
20297
124910
23554
111682
28483
4195
120843
18569
4067
71381
58153
67314
81038
76971
115157
101929
5062
137041
150269
146202
25359
73060
78498861
780677
56850476
41284755
35525
75695
52918421
39131
47666959
86217
32681554
21582648
4290107
20292
64393
24
20268
6990
64369
2624087
167915
22631852
11750156
101696
48009244
16297
7286
1214
1073
21088
5345
494733
36005090
120047160
4524783
874809
3465503
2512397
656117
1792907
65006
1437860
1702172
2995068
39771095
503002
151621
124310413
16520773
35189625
36672101
29005
10460801
30283
19933695
2470061
822143
637914
32110
54490904
846419
67047408
29850603
194790
29645116
13642198
28436
77956
542
184
40975
11
33038
7530
23171097
9118
0
8095202
201439
10239741
23039
28446
5319228
123794
89440
2274838
20549091
7685386
8030299
21129135
7597542
258564
89287
13167316
193681
4153
44190
16043148
10540
13285504
8022578
168142
585813
697662
15349896
15911
167427
21436
1167702
27249
5397757
126235
103042
194260
105205
147290
19664154
34944
660
41914775
7983738
2654077
