2573
6606
279
287514
1931420
252817
182504
517529
57611
149872
183305
92
247139
350232
91030
17563
1547913
75637
49152
279919
296301
463132
31589
106258
20717
221250
614944
355742
1497751
194134
176571
441283
73626
57703
1687335
108593
247287
40301
551008
1133966
798157
533445
430500
240916
22191
367795
4328
101161
901639
179994
905967
69555
503813
579144
607863
59976
1803108
1143707
286078
375297
571503
35418
951593
78
453262
17581
186040
1694020
232006
1018046
1497599
1353368
260068
129971
1327718
699734
746573
1375182
880968
811450
1373556
870534
857939
74199
929149
205983
117176
16067
550939
588300
803008
34949
390881
176791
326724
199511
232303
575866
1765070
243857
337131
655117
236895
147215
30535
14250
11430
11342
200965
433256
590222
1058336
1072688
542107
474049
5683482
2566315
7634472
3696827
5988060
2058505
5926101
5975373
1910022
24403
2475
6487995
213219
14390509
4876581
354783
6529564
13696807
46451
15768
13719302
5361036
215192
3674416
1861604
3559550
153233
202505
3083881
442383
4792252
9708096
7990868
113788
9646137
8670081
5778541
683404
5630058
6239947
1613556
1973
9009972
10136931
3862155
5510540
3864128
5947046
1559933
14136879
1733482
258387
7057183
39196
2335638
5168227
5079869
161974
6295186
20410
3802169
1668795
22383
4616238
17238034
192843
11639011
141214
13539162
12536858
13797635
5229399
14116119
13807507
1712722
307659
10076
3133153
7036423
5059109
3851441
5147467
13483238
6274426
10714
3966307
1648035
1623
9696
10251797
14331598
550887
2322104
11013794
4916515
9036480
3977021
1930967
557249
6292249
4118585
5625406
3978994
49439
3917035
460729
555616
451021
359897
449496
243
1453
45583
1324222
66279480
38392155
42017150
1874101
130820
2488203
1540445
12906
5677897
1950219
1409625
4393551
4093429
34575
2681929
1041849
227647
55940
1763737
5593
3104701
525649
306375
124813
965991
1540883
1597567
1295299
227054
1257
299382
12531
582786
1206722
235147
1279050
309390
1952223
238782
1710015
2406795
114469
56626
148868
175754
217185
13403
382011
11671
2540657
394449
671757
3203270
1200070
167706
1932
12413
120483
104697
50985
1240494
1169435
13577315
649615
52664
114618
1079
39651
140885
188108
20350
179457
2105123
250105
226680
163671
68014
21340
13793203
13615631
375984
589410
4945288
4975949
5444566
6193385
8654467
5352410
5342382
1650215
4252722
8832039
6113759
2381278
11
2880303
13646292
15186001
225911
1127660
10531031
14632358
190735
13823864
10334207
59106
32157
620071
319614
30661
3202080
3379652
9713164
86819
8705
1216959
784203
1160589
1837507
12923065
3033093
114983
14022753
10907492
751274
14200325
996532
8248683
11518714
10710668
9610980
71033
3458506
4267000
165673
7779850
5918813
4546394
13100637
14784102
855095
15770168
981916
14961674
16323811
1022375
11668841
11472017
1757881
704577
8861
41790
1137333
1080963
72743
7936360
2817794
12037687
11229193
1419
7739536
2946673
2570212
2539551
1846985
3708022
8435385
2152050
1993472
11550646
12536712
11728218
400956
8238561
3121904
2280929
1904468
1873807
474566
1181241
3042278
6332
5505
830014
849110
1226452
521467
911280
21565
621698
870790
1215942
279351
312
481226
1213532
855692
1357155
19831
55642
201588
346370
58359331
1385723
1277911
182811
92736
920071
579
335254
2739810
9641470
11063509
9277609
3448714
334130
48934
1671406
249367
12840817
3154535
1686689
262138
8293
1290363
39951
363656
1377227
1656678
2466255
237886
221177
600681
211009
3949142
4637380
735431
6533366
681811
3756611
1259746
3486973
3889098
4154844
9898073
997198
4013858
1623275
1810923
868342
712284
1277552
561985
1540216
1047415
35380
214776
25176
3178167
2104363
2369178
5661816
5786013
159757
429324
1108039
3037049
50217
826085
422421
3476805
4144676
987030
1267384
60556
551817
1037247
1530048
204608
36240
2270501
1402490
96308
4357904
28041
5703
125
4352688
11463605
3651944
263972
6121148
4329054
979846
331087
3939743
3835433
3233610
22825
4254529
74525
3909958
487
211348
725682
269651
90355
5415571
671086
1882751
301096
51141
4978146
5630771
2611315
73582
1895467
918224
106050
2517157
129973
75906
2370430
2375401
3350942
600951
356677
232480
794582
162391
1168505
65786
2300243
77414
1117249
910726
12291724
2513051
2234457
121711
1517513
200260
736679
1102719
18491
16191
5289968
145348
5477367
349002
990279
1345569
44370
374074
1675348
1603488
36201
3112833
550504
729778
679278
434458
2086472
1971578
540103
889860
92331
9645033
41992
2777343
1109520
1079200
1561467
2734064
2894
2761773
1465435
923582
388164
1027289
2014612
928
20471
59535
259728
1596655
1139184
505799
172001
369232
165180
51253
649726
237854
1352452
70251
294533
385806
3932447
389848
228446
58629
23826
16053
241453
37826
2
23821
30294
7911
22383
85000
233446
410017
101572
37724
31689
367
59669
681390
76539
142376
331042
2334175
563646
171188
556267
139866
267875
255201
372945
8353
9045
662871
190582
72838
632270
373904
42136
479633
231455
129285
201513
12571
647211
83769
785691
888299
384835
448311
242386
97963
10931
33104
2714729
182596
213298
514364
316798
2776
58257
467
4566980
322787
3349666
1279733
16282
167949
25405
107599
209759
193354
348192
36
82538
931072
1249411
9799
2714604
975823
2154312
121536
586501
740342
136482
358776
1262
423036
2249610
1949229
1491714
96330
46568
9197
4346805
189339
447794
858084
739839
2859041
20804
2409133
1164661
439458
2401526
591367
657262
81662
121088
95207
1258017
4746738
1893245
71326
355210
834975
1435730
259375
169581
380691
439589
21895
45
447970
84895
896572
860890
21654
434392
279947
13754
925308
1383942
1168878
84625
913999
338923
1721552
323198
998844
483391
53697
315870
1250456
1374484
431674
1686196
749584
4054112
412496
1270359
903400
1442804
119854
29873
10205
375367
903913
1330527
930877
481495
76623
1154398
13578
471471
296757
1079729
967452
325345
118420
9163
805803
17965
337952
30722
1316949
882544
520991
418096
19412
101914
40212
466016
482894
455930
301601
994821
35408
706415
455417
14247
1256781
467019
39892
290890
736529
579296
386509
305370
736006
260952
469813
71129
955468
1296
667062
65964
878873
416064
26033
987610
87481
1305466
3777625
1919423
4823
1098686
1511649
1601843
7857
601693
485
801954
218537
111292
66308
605973
126467
4995146
2165355
4082381
4665798
332019
14
3491308
887045
309079
78636
350119
1303030
768366
1058280
357478
1537786
309579
996477
5709691
331195
3083534
389292
749654
790694
360592
519211
650506
1130012
1499634
5398077
473938
671251
712291
5799885
450786
569465
479486
1383247
740700
279075
1220206
5465687
39898
1192762
181557
312613
514909
371217
185561
220056
1491496
237543
2193639
270159
420317
4416579
1610222
717049
116328
1790422
1971002
749665
1502977
202334
197996
1683177
880090
912706
769014
3975136
4309334
1293053
205368
2134043
1700827
383097
583358
163041
121401
140344
8168
64983
1017455
947705
3863752
898509
139
4037655
549218
4722456
4073893
3076231
532889
1957461
183735
491669
5174921
1606
4948907
1495625
319973
1766536
247181
877262
3824086
309935
3951245
625742
338114
872904
952711
1059091
869073
349605
3446
271
1205121
5076189
6315030
11105161
4405535
324812
9550633
2324532
6685427
10724287
14269
11331
3368199
17257
8342853
3242656
2748213
4035793
3108367
744057
141904
64221
177797
151492
16892
196485
105149
8323
1991
111627
595212
25632
2372
561341
632203
418078
424075
609430
118219
28952
107381
38170
34733
41211
179961
2647
163031
20532
586792
125441
39638
16865
663756
180556
84631
126069
13769
15394
39220
61858
545159
756449
79098
30050
65943
652531
348765
452587
772526
1202628
92690
896772
272723
206266
170373
45361
133618
140096
125975
728128
161868
135563
89220
30460
963
95698
551637
733676
1039532
85576
43170
7277
6478
625172
5881
98525
158653
927292
868224
77145
637822
63738
649651
167
257477
955513
172714
1625328
56040
95084
1048157
545
39589
117219
34956
243676
326
70925
1230656
2386964
272774
5319339
170514
2904274
1780980
1106667
112
69198
1776185
9523928
419721
2368925
474495
408164
12060893
614048
2713705
1286033
3194600
1349346
2790829
284519
281424
569819
2394374
910664
9713355
987788
2105979
1391559
565884
1843190
7108984
2387687
749515
1808898
2313281
28173
2717052
1872211
1092684
1298637
1891377
804289
12517427
797017
17490
9645949
453538
56137
538295
61719
288585
601608
3826
265622
3043499
4111421
9278739
8675
298761
733704
675811
937607
63313
3812789
3651134
6297613
8834578
4592316
412446
340664
3524394
779656
10921644
13458609
3766641
739124
4188545
9206957
375885
2109074
3123718
807384
3527489
960570
1023883
82701
244356
3095
12390687
3120623
2698719
1000920
59738
221393
12679082
2987114
84
388289
29084710
5398755
46481
617363
1437993
13421
279239
9014067
114318
2406004
3447282
83077
515507
999474
637892
411213
738
301997
120754
169109
25783
1072997
551732
316242
662522
904503
2242473
2796240
64734
2652892
12802924
10700395
13128361
8129824
2167669
1648217
2358513
439168
12137324
7464224
15494389
11279205
19647863
5126004
4640781
16626489
15601473
4121329
10602936
15276036
2912280
522749
355006
562102
62976
342472
53607
842567
488660
47295
1269555
791473
2580363
1222260
1406817
527944
713452
913778
646300
766622
304477
32141
66207
294748
122305
10578
307711
6312
295177
441365
1486772
492268
7727
660011
1520838
699364
979829
190869
3655
54625
136904
479734
625922
966365
722884
367107
675589
244802
607899
860146
641965
166781
99629
219951
100956
462491
475454
44667
166972
19816
282214
132883
501844
514807
84020
206325
219312
59169
5999
1039150
795272
782309
364485
486790
286464
339634
1302215
871428
993733
793407
726255
846577
384432
18226
1627057
905494
3313667
1323318
2493572
1336281
1383576
1027799
827473
760321
880643
418498
5020801
120
51433
185524
254927
377514
1031948
1359021
1163080
1304315
1591723
326608
974809
10801703
3784728
5288276
309944
1753459
5897693
1724646
390157
5223124
1012395
4413385
4551925
1560308
87211
632570
785009
445153
734904
770300
305575
566183
81050
13005
120
96972
547670
1095583
320284
4758399
167845
25542
4087200
1259921
339452
186040
5019007
5084159
1549342
530787
958146
1520529
4209268
4347808
241036
79707
185408
105827
664043
1356191
808278
428453
580892
871058
526869
1577288
981575
386723
4516392
4451240
315293
952762
3641501
45654
3780041
270179
240511
629203
788424
13125
365398
1627393
932564
4402229
679308
903751
739413
95759
191500
62676
248410
521964
108087
37225
85314
321773
239
28764
973034
520758
1218937
36366
567587
1028631
516881
525077
3276489
33371
1813736
153520
408901
1860565
434114
284347
41006
1274159
63812
1479600
180
27210
2876412
14715
180
1265518
413535
1711887
69529
504812
4845
25353
193778
11874831
1915991
1796732
211899
229921
3904513
1457403
654816
1160545
1281017
1672213
1493782
440792
104233
2984439
312516
3281297
2478710
198804
91277
2151824
39204
1705455
429898
2362360
3451500
589672
569463
707532
201803
1807818
2243101
327930
1361449
403793
30222
242599
8387
210396
191843
38609
159640
15686
87719
34000
57063
9318
6695
10151
72717
133001
4583035
725485
434958
560573
403184
26330
108
68691
102
49041
1340236
2000253
10496
1465891
1515281
301728
1325697
961912
1106972
63952
17613
26475
586
668477
4585767
1646387
13921
7862888
637704
9290314
8640383
1663501
4683772
8525517
8795408
431349
2561533
371279
1586596
541569
4663012
2348593
6951181
2974353
459637
1463231
106735
139566
636192
665002
690086
15792328
10178500
774541
903026
7136901
4627336
1628165
6315995
584211
6281516
6314347
1114708
6336755
4994
1224259
1943
8281951
698385
1826729
626734
678239
8639964
298934
617418
4278956
11794579
5290756
308806
7032
159901
97942
1806313
3695387
157928
147214
318373
1966758
124517
3357049
1781242
2048076
1073139
3458808
3739533
51
9579
3032898
2866655
29562
403496
150782
630130
371625
114674
34882
901785
143869
15633
75107
105356
50580
61474
503857
459975
192130
246906
203024
19249
56394
581168
12512
1618
40512
1028642
15346765
224270
29148
9639
6548449
757999
4228637
1034017
963543
400180
1558791
806593
979241
195693
990135
4596
165956
800875
205627
186378
276101
484183
696116
83
232219
48677
221325
595209
26553
15659
219902
276433
594660
70997
136865
117616
732113
207339
152563
19482
163457
303
449081
573532
48758
4876
465987
457665
457446
81504
383310
3525
44880
442987
6275337
1207180
699370
2526
157671
85221
127116
175545
212048
159105
165920
230218
2953
20353
171157
204779
721792
400912
301018
260127
502307
319188
5896
1296
55484
264515
30496
40100
33285
188673
335610
311010
236
16691
199647
34861
219
36739
236150
557092
19540
320525
374902
139227
1068396
334011
26584
129368
393072
338399
2789
1075211
146042
548675
381717
399887
345214
453826
340826
136183
327340
33399
26355
5675
36
361083
243346
390283
254320
54909
16571
583742
338032
134145
327679
160624
618722
178498
146911
200469
215001
75816
207732
10948
633585
233171
174110
117711
156515
149700
181773
693239
97379
302022
184285
730216
195259
36722
54892
17
17899
367633
340244
29470
9422
374448
335644
29453
228881
1328
871821
274979
477601
82955
971213
3051885
1023192
978074
971307
8736
148923
106693
570173
23151
150951
39503
619649
99392
6628
99486
51746
1499957
782005
2262
203
859426
138895
193525
94
4220809
3272747
4074241
4220903
4121417
4227670
4272788
3819769
135464
190874
43854
32753
199072
145756
866287
38300
6861
6767
859520
954290
999408
931792
870225
422865
725902
37136
719135
719041
771020
1245485
440191
600963
92036
388306
388212
288820
395073
318001
241644
489480
458386
791128
261872
890520
14415
942499
495841
890614
897381
68230
26000
58812
142602
6723
25952
3896
334742
50443
3473
35079
75756
29510
28124
37843
880972
200757
263221
503068
668892
290988
458897
51141
579535
80993
351206
184449
526731
317700
181553
245982
3985
10170
40606
11029
932
19774
12959
956602
566740
294020
523594
149417
484791
111079
129369
487580
149400
2926
803033
77068
789547
107402
101076
3640066
467882
862094
807421
598390
29176
462243
94849
23795
317736
43990
35573
2991
26042
5202
5559
88298
82739
77472
1549722
1576641
3006932
894295
131480
1508502
1787413
2045508
932306
3269184
1200568
3043170
2974294
1885906
119509
1546187
1139241
947502
1010892
96970
1335569
563639
559808
7371
616527
2959634
2041099
38011
575307
77697
620611
2818136
1231518
233856
3573841
938190
974428
191924
542025
499858
541078
1965650
2248
4797517
9028304
825929
1457532
982887
1200442
41884
233385
176665
289558
1714130
248338
6037295
1155906
1426817
1426502
537543
612992
286023
9886
1930
533185
529354
4428256
387835
398425
130597
4202242
371506
748960
1796078
1019871
367971
126239
206046
707690
330286
22352
122408
3012841
557221
15196
495500
187566
1961292
14307
63390
828132
3159971
774925
2162309
891522
12110
430455
775987
393542
17158
110
15545
66636
345446
2244936
38164
57
262040
395390
13712
391709
308533
831412
3124532
64803
49535
792662
9937
1113535
2267254
1399622
876412
488938
854511
2081598
249251
266958
640363
8316195
1748750
1353885
338079
21837
62
813467
612709
1200781
849342
881118
2329725
525240
1311240
2100189
458248
1771331
357908
1419041
2136904
5063874
1392872
823821
1676813
1356997
1784614
336007
2030
1048483
315950
2753444
31095
154103
376511
1855529
389059
2703761
1238415
87367
242302
2364187
2934842
1915511
42470
2202309
11808087
7276187
1260636
3957862
4639803
631259
47
1048153
1191723
40675
272300
1412431
11944295
505718
960031
1808263
1353950
2821958
809413
899206
10590321
474202
2130753
2105443
3973006
2554119
732365
1471189
340710
155992
3124774
77
200400
46
6216
344247
6474052
9221061
9938460
4450475
7352757
1081
5274385
6295736
3350726
2120477
3593790
2379361
2376804
543117
2647019
3297918
3442244
3422115
2333273
814269
1451244
1652016
6416380
3666389
1155687
3409962
2314194
1168823
467503
1222331
3371452
3381620
681673
3160290
1096984
1176958
494239
704013
2479025
3051673
1860136
317656
1207297
467449
407405
502365
2120477
1826400
676029
569409
2263825
1478292
5280
532165
274918
20887
673151
2893701
1038416
16409
357151
1249578
549780
141951
279073
1216817
5130108
3302138
2818054
597805
542181
242875
154244
285777
68063
528352
2557
135792
113696
8601
542951
262597
5798765
525145
888674
3420243
3423121
772908
3279257
490954
805615
2487557
1076322
702116
94193
830
1759
312814
133741
2621646
5224391
358376
124194
77610
114102
3282782
622609
775868
1057822
491869
83162
9167
645956
1004504
2728275
1556597
2083482
1685769
1935441
2224468
1907099
1958722
789304
385615
3771
1826235
645956
1896931
351879
1683899
574928
1613107
1492554
81319
101791
505480
720680
68055
5592862
446081
1285802
226843
1053038
1207882
323292
479415
763773
4042200
1025540
3515315
1305894
1651617
1288088
4183186
740626
3784953
1839265
590327
22697
896684
1568558
3098
1075757
243118
28274
1779678
4039407
942600
1157988
920945
1145272
2388
674700
62610
609368
2123874
483741
1802585
3915915
1763135
2481513
4429186
2408914
3747921
2142398
3532721
4640348
1858168
1129318
464930
2113042
1066174
1289783
240919
4650516
1866797
3389373
728465
22421
46968
487580
37455
492551
2720140
1191928
336428
699192
5231504
7543558
877171
3095296
12617
8135
634307
13136
1240727
3517
2071058
781973
687815
546059
541088
53409
1824813
66125
389936
2608146
579024
2981307
147157
5401
430
6926752
340655
275400
1318886
2675349
3460882
3023457
264589
2141712
994335
420712
656626
415741
58703
562468
3540856
1074309
3756056
1174255
500686
495715
3103431
542876
20752
344563
5211274
2461283
1846567
3397508
736600
17225
2092812
707327
642442
8036
885306
334777
1270341
1126477
1625385
1061761
1331308
1267463
2924563
601364
18931
169497
824973
412361
263655
69931
22770
27741
5877016
94603
3252249
3111263
2319563
3255127
374957
928966
250251
858174
647012
637621
144820
243544
1338176
659461
1965489
1056222
229205
18732
1594687
2126284
1573416
885178
2807549
1093758
1586552
3028879
1507395
149624
1911084
3018711
825134
987138
1125551
1090880
1767736
158194
692647
423009
1473659
949894
3571195
915645
38375
766939
51091
2926318
573215
2096716
2075061
672781
531025
1828816
526054
2191
15034
2582042
2393922
2831347
588409
686056
752700
206398
225616
364800
99778
27091
175797
73486
203520
62534
3271007
3949722
2367614
102759
254889
715329
373911
2333878
3878930
235671
241315
304756
232793
91807
2854181
1736386
2632851
7273
877356
607718
10657
1275589
1593038
5642665
5208011
1961015
3034819
2789959
8636930
537298
294068
5196609
2687999
5267919
10948984
199476
5540123
1625385
3317534
5886939
259953
5518468
2627955
362132
629732
467294
2225830
2896579
1308447
5272223
2752715
2495468
2893701
16409
1247823
513222
1276165
1026493
1237655
549780
345228
279073
130028
11923
1600840
1666938
2740742
922125
1931753
3936392
2985146
133026
2602502
573380
796989
2616675
3039927
2878
2933307
2147774
2663836
2495882
466760
2417591
47591
129051
9954
39069
34893
277757
41947
267950
1192832
2254394
1318830
1871547
1589593
1800755
289439
2251516
908328
2110530
1583645
255703
693128
2868882
126240
307046
2887599
4074482
3395767
1842288
653125
2763402
3131873
4003690
3792528
160731
621171
279753
2896063
429516
2458638
141513
138635
3374737
395878
6124728
2235127
3692010
864035
522617
3006266
805332
251465
2760021
2854016
3746443
384377
390021
172269
2638816
2201391
240513
381499
115753
3106497
2745843
2990117
3536753
18975
3933514
2633360
4215468
794111
2599624
137997
570502
94
14887
68
314
199490
635664
260806
8868176
6331211
628016
1239919
189024
1883
2797
16612
16300
54968
2382826
2233431
2443451
3621
2737588
8467
125232
4862304
92283
68
386103
212394
127992
386420
5305836
126721
26248268
15364
40637
21414
178720
455508
811544
195462
542560
1748072
1014955
330052
469501
311707
1278305
1764133
984175
552604
445635
445612
11620
295637
445666
864093
207215
319976
254250
653767
2017056
260
667857
669828
236411
1468410
804211
1762540
5678
56560
14997
5681
365
580691
10082
772053
772076
664205
772107
544123
97317
6
1839
931207
1547289
184000
474996
286059
458935
41579
360150
1551513
637077
1253159
755826
771887
22709
667584
88781
32694
31
1738651
1444521
98100
32671
23
54
397323
397377
397346
346330
205961
321991
779872
11921
960174
862975
224429
756006
756037
666044
564621
81247
755983
1845
1444575
1738705
667615
88784
32725
1324439
1348328
1324493
1324462
843438
265643
649703
1431431
426082
545962
1133077
304646
516995
538760
859499
373671
110321
79541
769785
774553
476199
115662
217227
1438800
1422739
689622
887314
658842
780345
952972
780322
4719
588960
105586
780376
1283939
139663
6288
65358
2958136
2342179
311657
709238
7985193
567307
761130
1269357
1290380
463038
678934
73900
2413
1275032
1954245
718741
189
2005572
1296055
1975268
816353
21023
1178230
780649
795330
93280
1147926
468713
1252195
314233
51728
54279
605034
635338
572982
237757
6334768
829893
978569
1406108
4924492
90745
51711
180148
891475
229958
741564
192406
1176
115471
103984
1485359
305887
118
29750
1081160
7792
36481
344190
365429
358
1837971
738341
1598692
44873
21597
18195
36790
284357
36795
5
164548
2520950
479325
441455
2237940
82216
19602
130417
289530
197167
5615287
2009913
5689774
717466
218179
433501
5220326
956269
1409479
159870
312672
671911
417594
3103698
82349
147406
283362
709781
1953428
2680074
5229072
2668303
121617
2334943
597046
2409930
2769169
2807039
613470
8545
2839800
6194713
2854412
5371129
10394645
4696261
7810697
5158338
2541907
6089791
6486900
2597569
6449030
3688406
2264209
196104
77163
2882991
68115
6420098
2214290
6025137
240840
559792
287084
3908509
2758239
1088173
6295249
6494585
369058
3484885
29118
8030
83
2985598
5995298
152840
40614
60505
407302
588886
50205
391250
429120
2258952
32011
1261793
211337
1930325
804208
30813
233155
5979582
2370352
369020
246736
3046260
2712900
2072459
3807459
3218958
371585
446072
2413543
360364
1461208
637624
1155628
1686561
1203484
1356286
1753395
959915
1715525
530577
8689979
8356619
197425
5890455
85093
6015304
12465
3503715
171578
135107
339555
2748269
323503
69186
683379
1809496
361373
556664
11609987
3107508
3595225
6249694
152733
195285
2168735
1042618
3862954
241529
494346
21088
21433
3608637
1914418
257581
240029
77057
788301
2467420
3350913
3879006
2456199
4808735
2342571
2785053
7702864
600425
263
39040
622243
259920
518113
3338449
552107
1090834
6401192
190603
532216
6287564
3900824
1080488
279399
2206605
345
834601
8849363
2123122
2188179
3489070
5955234
346884
805347
2474274
2458367
2560759
2200643
2728736
540561
1102330
1634783
678706
2353445
2750554
2712684
2879433
3287405
2927289
10696307
291865
3200920
2797283
5149819
2914825
3455382
3185013
1267207
2683655
8043948
3080091
2361429
2808504
3477200
29186
3439330
126641
296915
262906
376050
1467391
65538
252536
63160
261158
590248
187919
388068
1151971
315696
36503
2089
326820
14562
8802290
1039489
4202988
2743701
4215
297088
805583
16979
1086048
585953
732141
109874
243123
13285
10393
478691
2137125
92665
15106
407589
954752
2219421
100465
65109
2341056
316001
953800
1162139
52144
2180787
21538
3357981
1295830
1349679
660336
1274537
615847
2346691
1156313
3276713
781456
2640582
1643494
660635
772278
169409
33841
1289650
63537
1998777
2351826
2189594
3278842
475107
181292
1472195
1178304
182310
205791
1230447
127443
15464
4826140
10689907
5462271
2079131
3341871
2967014
5543539
3829052
4360958
2957836
892987
55554
10884
879464
807765
1246319
798587
20206
1669803
37921
2645022
2378152
2019266
135159
14259107
2628987
2161315
636720
10964
369850
1999083
284596
824132
1895155
1013312
2890031
719497
531957
665648
1910268
151274
1716509
30453
526131
684155
142096
1633732
1366862
3641112
2414999
788793
1007976
1390343
1141842
627770
979610
987793
262211
3273016
7736792
3286433
11120731
443354
2358076
2450734
481357
199965
1184554
2195844
1478445
133693
1224621
2
176484
381726
187542
9857192
17594297
16186141
5393416
5406833
289893
2646531
2563754
4571134
2108326
825157
2602700
3345021
2502126
118812
1937998
2114576
148251
1917815
2320365
47506
1557792
102794
898342
569441
178151
15919
2898159
68497
2060764
339482
393331
2401633
23481
687146
1660753
783041
459892
1927623
3919890
1301867
812941
1684234
682296
921661
1281684
650709
663665
3760197
1801292
930535
1639060
304779
686944
2777338
2683968
107443
488126
1966569
1955056
1672678
2846200
621817
675666
969481
482300
728943
98265
2888981
2051586
179213
2745626
2583394
1865995
387552
2066699
521243
1572104
6869
868907
575092
840586
2299529
63415
266356
195718
1448717
2354967
604309
2286112
6749888
310845
2927222
806822
1997200
311144
946339
237717
1463830
132729
3008490
1000188
2291091
1294003
422787
431965
1259150
623656
3483533
2150544
60150
2603902
3321301
623955
1328262
3240033
2310011
1119633
1606814
744776
579167
1312999
102149
735598
2590251
11603334
4652402
3935003
2937915
2075877
2644100
810609
1850
728644
351
1172881
2010276
2708890
3588521
849764
1417987
3426289
1711802
1364138
1187994
825735
3879180
2394873
2533413
1999822
251509
1894121
3269764
2219892
395876
323145
579372
906694
386221
4293746
573840
670893
60661
8593119
102316
3724135
3239298
102940
178252
120843
3948660
2665072
4307684
2809439
3592490
1457649
1457648
848232
783080
111881
2731779
316792
3377838
3862675
9565
17
4446224
1337794
2803612
3731030
1337793
728377
2947979
988
663225
4149380
5146
1035396
550559
120700
1618945
4467381
1053143
309940
4114189
573841
3684330
61477
3342995
2490091
3064317
3549154
1641438
2634458
1399615
3271
4238404
3466520
3417509
1641439
4034287
966870
157131
1032022
295671
1454607
636062
687620
1063026
663365
579639
568882
5536
307845
703117
737912
1064569
1333643
3411214
121664
70975
43325
19079
3658
994545
1225662
3607175
264782
183468
1861683
1260384
595136
2301502
13683
484956
348787
1674336
633218
568561
86
97286
927426
2528
532002
2463793
893704
1018829
1118692
99814
993567
151725
1014985
479567
354442
1770542
631865
528158
2459949
1310055
1537295
86958
1259555
1327
1422401
138989
62735
202714
7328
4854
13056
86831
4224
1200046
505500
1601763
304765
1066
59131
131
47
229745
414630
117772
1022476
210737
854826
178620
408457
14179
58065
4021500
134778
170921
1646455
1193628
5352
825968
1628555
499082
19471
1331697
349457
52713
1339151
550216
1336238
1932439
1416386
600904
1227912
834814
735533
364228
20689
73964
492595
495851
530642
14589
17235
1535588
1992041
358585
393376
856307
102479
2334260
1212432
98847
458604
350278
434849
66291
284741
567715
459389
32556
185460
150251
2379727
100163
200939
521252
827947
335568
92630
53178126
757928
1384936
635422
707240
892557
177713
649619
677839
2508094
228530
143
50831
303688
544500
234507
1227213
6079802
43
399444
239774
420053
436273
1153837
1061219
896525
792399
265343
16596
1175714
203432
331977
778451
73376
7193583
54235
5647740
7466544
5660195
7737566
11279
472658
1857
2037323
5605536
717349
888279
1244405
468602
446
639714
897026
179462
712389
1331571
535588
8532
804408
188275
1369140
1626452
1265014
6513978
4108715
1625960
908888
705075
447763
343637
384774
803540
258601
130056
3295266
3310714
1609466
2208996
1513225
961288
928664
946435
124982
1533834
486151
972491
715230
612457
165983
51606
37438
1009720
1289
3200134
1135659
6343048
1728733
737958
550536
807848
446410
90284
213844
4505978
4361446
1979396
2023223
845026
1102338
489211
740900
457950
49641
268366
74455
512354
5065900
625375
753583
8502
5949902
748185
14903
111560
123051
239768
966538
69660
27862
6487231
731489
146286
464655
518549
1159121
6987859
412674
7659066
499160
290836
1395495
493465
45566
4798572
1799401
173179
140894
1285944
13487
935311
222495
594758
28038
198485
7065241
10726779
90681
96133
4588133
1944687
722371
5347764
1835136
39609
946316
1708313
9206770
3540740
137663
5250159
28112
702982
5695
3045
408920
1607423
2120880
1841532
2693982
5057461
5024630
1182690
3370450
55731
7153773
2954
39300
226196
6482566
1259595
540864
1150044
37279
156331
4052756
936316
720926
29
561209
3893039
3285936
472800
16166
1249499
896574
2980548
511911
4112463
26675
780633
156421
3064
222357
39889
162594
263926
1032869
417675
408854
575454
327141
334833
56551
1580
157219
8821
129102
48288
649010
811931
790847
1035492
919600
928605
641959
698203
859037
137526
249785
491231
740469
204626
11579605
4978508
10527
994280
1408872
2389348
1539305
111086
89729
6855386
3829968
19347
375862
76648
892757
892757
11
1221
199347
2796292
4077571
5171793
2462932
27277
1842149
1479
63503
155233
287781
1018663
857014
169631
141655
27059
307439
5138
12292
607382
358122
878897
366
1294734
385572
983022
3662650
507915
52316
333201
1051342
464684
511938
21034
939065
539415
45607
90033
762936
361789
512451
1402907
1818744
162421
1463075
126081
528215
190605
1126712
77022
492859
1155300
137190
249467
491700
64068
614043
570812
467917
841895
954172
143
242
137555
186100
191932
885426
40533
105401
210102
155429
179285
1681096
1905576
503576
31396
274478
1769279
1072259
871880
616863
7534
4032
111530
294111
572910
77449
61151
597592
780903
169235
95566
571
500911
684222
609081
180704
6946
72554
425770
9807804
3210665
247105
93746
867653
43
709075
88527
261026
15008819
622834
923477
7765414
2465941
12617208
2873063
2496602
3634412
2667617
2614704
2678931
1943871
22179
5055652
10643922
10624737
789625
33493
10664915
63
4991425
11091
2698
195716
451
165893
2247
2782028
2256379
2043207
382548
673087
942793
9019272
3741140
169376
147438
629931
2765
568205
744750
2253486
20803
2057483
2500495
833751
1870042
3541613
289148
389468
1835247
1253794
638942
325783
1175455
270806
2069347
4543344
2676067
112993
999699
901019
2037988
2611054
156893
958434
3402711
2816278
11688260
2245570
1031613
2712488
331060
747623
601475
17654
79169
1134677
1499341
286916
3863067
77901
552
357613
14539
32709
325624
2152
19433
5191
178908
173717
5224
43651
174565
975970
187694
949069
242053
14859
583284
19256
17
474732
32611
4536
2397
6091399
7402504
4611583
4181930
1942511
1524293
1569918
3823643
951133
1885520
1145121
2308538
1025961
283549
43978
2262238
2302198
3196625
3104176
30123
828722
4843861
4370448
313255
2775690
82828
405704
154811
1464585
485405
440297
44477
12635
90102
307866
3097456
6211963
5595694
9403706
6469723
6183132
22076
265656
9146023
5901844
1673894
1750612
2544926
2065356
3415376
114178
42687
104948
330126
401284
278
272789
51439
106334
62967
88691
44063
262717
522237
636280
53616
170710
253697
215338
404752
776740
364481
841
25061
478081
992104
469061
828164
620116
6288
120328
189614
214675
158674
17602
605569
645840
1017828
877368
494785
240399
184398
195771
139770
707417
12318
830857
4796
603703
312655
718906
700790
50758
581331
1075711
622790
680125
343082
23916
456547
588630
14870
631583
1369448
30093
159575
22183
451058
3619643
399069
1592540
5274405
472988
5687814
2068059
369801
5172347
450652
5264796
708616
1987546
754696
34679
5214401
4791383
1180163
33211
1514133
661768
768783
300620
10824
411314
503763
353674
188161
2689067
45952
236907
4167058
169526
483297
260144
2572300
282015
575746
68188
500120
11913
813891
906340
861232
767956
2808811
2835398
214519
545113
31842
500005
29336
252489
4903569
344938
393069
455012
47551
2881023
590738
170193
135456
262642
77467
367574
322581
413199
636352
4050984
120833
13818
728801
221243
165941
104476
2045962
3632
28456
4217139
5242155
8263529
8140493
3891702
620413
490708
608973
1062284
192533
185125
962
191360
1130890
16009
1551295
7408
1801046
3156
12132089
12120517
969937
43165
619112
2530996
848884
34
837312
1786669
2451188
2519424
344142
637443
469237
327939
184557
112742
939221
96639
3346321
205775
844733
44877
119054
346141
325477
81142
255338
32457
19245
130874
202765
271240
250576
102956
363663
719566
483365
1229708
504029
99517
404220
3492
1209044
78853
110649
325751
713251
164853
466117
445453
37912
48488
1138905
180437
413226
8714
375314
84167
63503
313417
277066
775508
116168
417432
396768
49829
326629
11917
13212
263854
812079
86400
383556
185820
443399
828
419175
311022
795676
656924
437465
111838
101979
306622
4600
267046
5121271
2851346
1898075
10773566
772447
84220
57
177625
644430
55896
919523
23341
150561
686737
961674
25245
21770
1229697
187460
100536
552842
136656
14303
2436713
422600
79554
77217
216982
352276
2106311
675914
403192
60354
310532
257599
10216
405854
1025361
1012392
141699
166178
259728
24380
49039
414421
99845
26413
72916
7194
304378
199058
1467
61965
72560
369744
290887
95016
188107
554903
2942376
1847871
1062006
2802038
28287
958619
650627
663793
9224578
232431
155
1862359
558455
7222716
5133813
9915
5409424
4838286
1722021
105453
13957
445471
90393
1978686
4474
58833
892724
680504
698522
166973
736345
204530
607826
204933
83241
1082412
225962
183461
314649
470383
241744
23813
59051
391
38214
41831
77069
16157
387635
565197
519063
79654
114892
33382
512025
390544
436678
31726
1120372
81611
33785
526224
134390
397705
403
24724
216114
801699
272929
310486
1184973
1154414
440394
719
259533
628524
985972
696599
453561
3464258
127483
28178
52808
1885
131448
309022
74675
192305
8889872
15044
492090
38293
3502787
166012
1324557
1758760
3727678
781392
575741
700095
245237
303787
2221951
1044756
355703
1918880
704285
727740
3678714
696904
1159880
816414
272034
101215
233115
408192
751658
396388
357469
1072668
80
5901858
315940
6417325
4506498
824633
5994307
2717057
3776
757700
65269
57830
392505
23006
3983320
192585
156985
234888
162554
3552216
1804068
700160
24908
3603896
433369
134522
320171
94378
4075864
1986504
275752
98694
3725337
2034453
2225451
2251918
231367
155050
500240
1393766
233449
16129
191786
34169
229900
120251
179313
216049
2189851
17512
464640
1358166
254163
84651
197849
58432
17116918
2708366
5433211
1080866
1096513
438909
17496915
10726030
5906670
28131446
3330551
8111474
17372123
11531215
10104869
4810110
949474
10738664
704053
14131011
3323728
10634274
10580139
3996316
997113
20188
11583588
2885739
116870
1673622
69219
7245533
1557336
18870328
9208787
3184359
6338259
2416803
801481
6357595
9758000
896684
5802419
516687
13884
11798681
10194278
681850
5109
5975930
4018947
20705198
704949
626600
5707159
15568964
12445008
5653024
11763578
3817519
16379532
9641683
3116361
133651
9587548
11708328
10986235
4965980
15100675
10590997
4522
681031
21215
41980
65079
9764316
857799
31523324
24785475
3297933
24731340
3287895
3379077
14042801
17474929
14082582
1480788
30719245
779630
8254266
2305283
7250817
1550513
20311
1229
21393128
21417342
21338993
23414036
6737592
54135
6664975
6609725
21388629
5690128
14596645
10002072
21010232
14969889
9615829
15151746
11811217
7093029
12292310
11834316
5013619
33030122
11033874
181290
15148314
27113001
3090507
16353678
9561694
11755967
3791665
10565143
655177
22420791
10767765
1517264
31596707
22342442
25734789
15600094
3420252
22443422
16526301
6656473
5766978
9810373
569060
949057
2069916
12723083
13644593
13699843
13722942
4808057
24828029
30745150
17036940
14068706
1893148
3022799
12866774
1506693
27134
8280171
6902245
1867294
805535
7330857
7276722
1112524
4947170
16307251
841113
10502128
10717199
11720648
1086534
13894475
3759780
1134173
10771334
1810682
10948764
26358231
12487726
12510825
8861059
12432476
21686741
32275352
15824823
15598908
3036895
8806924
14041995
7948825
22686952
20082338
4853971
45220
16007542
27968797
10906422
17209474
3961764
3161079
4085725
10105980
541404
14220420
10471625
2723090
10828073
786825
4647461
11420939
3946303
10417490
206279
834464
1510973
6764216
4357546
9836346
6852528
1850536
1945997
1670672
4388186
102
29602
14073303
6727049
733761
5065074
56774
122155
5447981
2901036
6047904
1390784
16708560
554907
117914
5153386
5630958
7649371
5982465
6227768
4953971
47440
4865659
1813369
151394
7744832
4741310
1908830
4829622
246855
11526704
5830373
8979759
5802601
584211
2628231
72740
6353869
11260400
6258408
11172088
5393536
4407974
2846591
1336339
152795
6078544
30640
7309189
9856134
4377334
5798937
4132031
6815361
1633505
168289
13321
574365
30334
763
301681
530106
38012
2910561
582043
353618
3104783
1374223
1156400
1040922
1854511
2022424
292472
8974
2799540
589752
1895937
4973203
755080
56397
187840
1209
1365249
1233522
3192733
1257573
29487
1721158
155717
1169797
2211231
851157
1522
3024820
1090213
506383
1845537
806896
739085
451677
437224
310442
122171
2013450
589505
302097
160862
605137
1680604
1347303
2160892
2328805
1993816
2624761
305869
892684
508181
26243
33445
12498
537530
922033
62794
41847
289308
341
259861
78677
360471
400742
249687
772730
25902
22676
803331
431343
280288
391072
537109
7823864
8167773
3288966
18066
3320142
3192482
108986
831489
199680
3777078
16924
787679
16051
3449808
325945
1131588
5267818
259525
359960
314743
3448297
1317
62856
31680
3417121
968951
622623
39646
31736
3049611
28859
655204
95822
77690
7910
2997867
2396101
3502699
2079377
1843710
85035
669338
16593
66903
1919591
375556
5623313
979646
6189676
5633704
6542447
1286405
1824488
4860002
3819581
58685
4515909
4385944
1666349
20756
633
45850
23920
144070
732069
38686
1110903
106435
787716
2591
1985
4475987
148637
404
8136
5271
13553734
3043303
2894942
8540848
2169400
2393601
2018287
3016820
2377815
10415022
1692850
2950491
345284
835991
13487777
3988612
5967697
1263537
4617244
929566
3309186
2143558
6625714
10739700
1884214
6513065
364960
4583145
4594509
11465242
18985322
5471386
1456342
22124034
1205155
2394982
6761082
5420529
350985
521304
16268
7487152
318269
4615743
478467
4592453
3622346
12838075
716635
5064174
6098517
15976787
5317995
600972
515522
365818
2768337
5373544
574489
613835
15786
935852
112649
12462761
103153
4036894
4942681
1015520
238521
10222756
11456295
14126894
22679925
4827678
11915504
223438
7316323
1101686
2165854
174458
12403756
6894301
5215672
4022892
1138741
6833402
3029495
13461294
123784
16600006
18511
5505666
989037
5941214
3391556
1237054
5996763
8121
10765327
398619
5724075
8412290
7473887
7956808
2837486
365903
568938
2806339
22040920
28844
10817290
5150439
11764751
7534786
5468163
13487889
11276499
4663377
764269
4576667
3669980
462681
5111808
5302209
6146151
15961001
350032
2752551
12822289
499736
648606
622123
5357758
598049
13331448
10038017
12848527
5389919
16665512
8180979
10842803
5441882
6389343
396917
6138909
12909426
8112481
5901091
4891146
4842283
4998230
11520791
9044620
6023246
10585593
2570264
675962
4672793
7446881
17343
8489005
11181723
5575772
8977257
8029796
2285939
6439413
3418039
13173507
8915584
10034795
2393023
2514715
1789173
2067586
61742
286810
65626
195439
7326614
6500087
3194741
260559
1006208
37
7754994
3179200
971264
186024
2221196
1169602
967192
2771539
1616208
287228
7825
305236
3690348
6673298
1929583
1852865
969714
291652
122994
7343105
2585816
76718
4557748
1220709
1548522
6070502
9020651
1625240
1389367
112681
24213
25957
188247
767308
778202
108670
293811
2023693
4770702
4405805
824026
116
481214
917331
3324606
521812
130157
389376
17656
547998
10628942
2844102
455437
654
119512
647342
124186
472956
74
1507147
642507
629616
197525
1305480
565459
119351
1116229
1340135
160164
605450
361831
76254
34
1870235
2514257
1905234
946548
64129
111826
206480
500772
4833
507464
1126971
12969
81709
1155856
1114002
309642
267788
431999
61391
169877
128023
134360
272615
1753267
9183690
372746
143
97728
372889
200666
37100
188903
13456
159704
74658
1037
3883
5587
247696
774144
335157
48163
268025
121620
89950
69473
134888
357505
59841
40167
839
28269
19668
232
293287
514010
9310
703254
3057617
2604459
2226754
7970608
3397335
3850348
290
3111782
367814
389388
664672
211514
92530
99469
2110430
1532816
291315
457
163127
1483155
2849859
6857
253726
78255
1352585
1381421
241988
54400
219244
1249385
1330192
1319998
1291162
1608358
1234478
992199
508011
1321507
1746099
127053
3087063
1579929
281744
209416
27465
338985
80518
22251
82962
46580
264384
282475
5534
134426
40128
3282593
70901
197204
77428
279369
28269
49155
253714
565343
199225
7088
548929
584624
138054
96614
331125
173292
137522
48902
381163
16717
266357
276941
48553
333451
183076
283184
318422
194032
1181162
853107
754427
1233809
26498
662705
106310
246199
402986
213021
122548
908169
508785
491663
264287
92279
4568
220859
249066
648450
505197
582136
998642
442247
738923
21384
3534693
351774
160747
1504618
709221
651967
14078
34398
2073734
528707
269
26923
19537
165481
233114
43868
7
376097
791674
414973
116716
957002
580301
2943401
258319
99057
59403
298
986876
12791
882845
4481951
848148
13089
103
9248
6576
2436998
4055
1140991
2624087
376875
3193937
92190
230939
747418
11495
6274
553872
1682
162813
559857
30163
213761
246553
31845
43399
258107
207159
13236
791
618419
407325
200197
251145
541427
36437
5247
669367
136808
209150
44785
184524
179913
181860
221908
25680
15548
19193
12797
88
6265746
1058670
2184787
35749
101242
28969
1965
2387162
154429
6083094
778354
277033
1904241
251578
1716994
576505
1183869
121273
482
7901700
10304219
20373957
23512669
2844977
12853877
8149717
548608
1965140
3289748
3783617
3301112
850161
1266054
394679
590817
60899
5278308
4835597
12355677
131437
2995215
4149543
1972906
912208
16509151
8989071
4284911
5357818
6083360
5309970
2833799
3533702
1280887
89504
1379200
1131183
827816
3001803
5478722
2274843
5591371
4275627
9705357
2805665
10430899
572932
21089691
5628426
3261147
17950979
7881241
36967
4471323
4437043
38631
1360639
2322744
10486448
5726739
2383643
421999
317020
995008
4061192
10761024
6662769
4186598
15445526
4786734
12306814
2237076
1165224
140208
33124
82574
17216
26953
42
1086271
150411
1400066
1612918
258221
776530
764958
5383907
324239
341246
73370
5474101
6235
4302530
5346351
4095521
416161
4433586
2768737
954
349026
64956
8946
595530
666121
42050
1058085
8019
28963
317442
905
312205
234835
10218
6510683
6500438
10836070
6858755
739469
24872
1105824
64009
640662
62713
333627
561550
103362
862432
750155
551345
323541
159883
133918
323028
350505
574026
794112
839736
502276
804054
377440
627925
98427
472371
28518
376927
386391
1672618
1359676
1775513
173942
143014
119190
22701
28191
1419844
82850
793870
387526
425367
526307
1003316
414030
522537
14380
900421
82347
1108
496572
6974
237901
1280564
94830
1696401
40078
63902
71422
1340732
3738
1453009
1575352
1400638
142999
174950
139594
1429226
1532121
94560
717253
476917
574153
3690724
914118
363334
40405
467459
861747
779171
1036461
415281
3147087
486486
423502
993230
535779
5866
890335
247373
370330
545044
422701
913100
1025377
398918
501813
861234
491138
913605
1035948
414768
3684858
889822
992717
453318
417636
485973
529913
235980
3121214
788654
65946
941082
753298
337461
1063425
451044
567802
441586
317558
1020194
1943
397629
67369
917299
23852
17986
513450
442245
509906
221500
824638
1034269
1286946
1164603
198296
1112232
3429836
102446
965
206571
518283
665766
274891
241507
1243715
736971
162614
1140820
885852
1463801
957057
461593
1360906
62460
26240
3598
25861
5858090
2793283
27479
3008341
6529728
6699053
2767385
5832192
26657
471844
91927
51166
8309935
5299367
448549
4392867
116986
829237
483152
47265
3656516
4327715
3517976
664899
178910
96276
762459
403435
868160
1215825
429070
332017
677533
100550
1095970
987991
3005310
5791992
680764
4803513
3619178
3474811
5117423
670894
2548754
3694993
2820100
7935677
96
63131
263224
372392
101696
498007
3210397
98312
143706
18091
340618
4866
32377
1185344
837203
90324
1693339
3339699
207100
276399
333761
1270508
1564938
180599
1382576
487335
265869
46531
28853
115830
8664
593591
905561
5706413
632076
42352
908575
496435
424920
378354
4797872
1444529
34
9818224
6245381
81314
1580170
1583184
1099529
224943
53406
26
4897999
4782633
1447543
538787
14921
9008601
398387
6514058
30055390
1061044
456300
5254138
963888
453286
845807
420706
9881763
7387220
15979576
1329462
1326448
186458
6127300
89302
15556
21675
89005
2191028
1744659
49470
79084
6978189
8600268
28282077
1225990
8139177
1445837
1172413
3360316
2741025
2602366
2453213
3383178
2362138
1950760
3597
10112
6985196
1604631
4837775
8607275
334246
1136176
1179420
724798
3350204
3374533
5321696
5824149
5733074
569645
70
4702405
2730913
52644
2592254
4975124
11994066
4566211
24767200
694797
1908499
5755936
592507
5344558
5847011
3373066
2369145
8031
6459854
5998763
1957767
312799
221724
8106209
2420245
1233625
8567300
2329170
2616583
1460054
2755242
3397395
1917792
10604
1435725
8146184
2460220
198885
16720
673
10978
2235651
17391
3170038
7363359
26587
437529
623350
154329
328313
27054
2424
213388
909716
963781
207026
681697
93436
4357856
4710627
3791493
77570
2785
15786
34195
43954
59328
79548
33535
110790
474574
463142
3118
188535
29200
75126
186916
58493
5143104
3149835
2529205
13194435
4858998
9590526
9249442
5005039
10395941
6704916
2608258
4422990
980142
1030485
1428678
9930047
4653809
317508
2113106
1772728
1565414
1849520
1969498
320849
1711455
97
3678661
162565
1114312
239357
101292
6509013
2377
7758927
4266625
1436207
209757
4138636
1302861
6953512
32331
1785976
4067902
1061680
3663696
2577704
3968310
4106375
2484116
50343
13750305
3634986
10355223
3962767
14262346
3885975
2534459
3824702
982627
151348
1526190
25365
4110
1456501
1726998
19149
13827
782670
23919
25256
62154
473635
372881
1111555
668352
73
145460
9950352
529333
4327
116622
1051453
1738256
131047
2454478
49
1120983
946572
1696493
131290
631016
1589288
1576656
1194358
897038
1194601
94574
290995
499485
465181
9303
294792
509992
439123
1881404
977798
154312
164746
658960
95228
141717
1732193
1231504
7313
642923
164104
307209
836164
452021
19873
462528
417717
360525
41687
611496
449896
792157
186114
632409
131720
260061
615571
569733
936035
617197
882719
595383
112549
122983
99954
53465
30351
774164
1732436
1721929
613630
818323
828830
5344
152856
1719561
1719804
140224
475546
497360
762882
2125
3146
816198
619777
12632
1138629
2402247
1157775
1808378
182
6844439
340117
1232778
1851
435952
84141
64995
1077875
24883
3470664
4080088
1776435
36403
1003245
840149
188717
47508
224692
246891
47
1370924
1279026
206761
9729
79485
29132
380
405474
40166
12270
41022
52056
917244
118189
50732
91375
313114
41846
5879
866891
367835
379
2527
838139
11413
1243233
192585
376721
1033
331868
877925
654980
19478
217231
11850503
525843
33429
40461
3962988
9872
301450
12427460
4014985
71373
7802067
2459610
51227
359698
12118848
2150998
268271
298877
24063
1528614
1390549
861952
10465379
2434096
1321626
1260353
3341
1398418
309799
162190
164137
16088
220647
321147
301136
232329
665673
645662
23398
11431
7527538
174662
608006
587995
15225
92136
1369558
2127969
4098274
1953476
110587
522623
2486804
4259641
6277023
363139
2487769
6102530
3602524
373276
3550844
2463485
738274
1631800
1802696
172636
63022
471483
358285
1372
4268038
3436353
1707955
1977189
89047
2276036
1867575
2162838
1237905
1259806
19324
1153910
85474
181506
26170
880722
1627883
240913
1600174
331545
15805
702470
2234
6469
1524952
107089
123976
1834398
573704
441841
2074268
914575
207816
233891
544348
385450
298103
293799
912819
226066
222489
2078
950301
275665
348459
798260
5253747
2646031
315474
2792758
3065465
5691172
71200
2651002
351507
7701
106966
19261
261836
679609
447837
3227787
360132
228599
69819
317230
602707
1756
5469
16871
76779
483
356684
327328
81083
1760601
2306218
3420395
2452945
2311189
670404
331289
323588
8646
143035
51384
426130
301933
55688
13248
87411
5626467
670396
2371097
143802
1097566
119879
267964
2512853
296792
2366126
370506
246309
614780
64
5200186
182952
433579
206875
5558734
54508
331037
7825
338738
229059
677853
309382
2298393
58833
821
63137
192673
2290977
216596
443300
340758
319103
292
72858
225482
687574
68554
2067219
915812
858940
730297
163733
385119
24271
168858
521266
68884
7351
124025
42186
540596
25227
323520
94237
71191
35253
190886
542495
240689
141409
14363
23726
24880
694154
717253
4031251
11710383
638904
10038
3200652
138719
2530011
8342569
14862
9149813
9240995
5737955
6523214
3243405
5519765
89505
8006855
20186697
30321392
215885
11841391
140
14396976
17758512
12046347
5155663
5535660
4565046
1082068
3105968
86691
6503900
24001072
7453214
13241749
679736
2351198
820996
6449765
569
93221
8125458
14867806
24007602
18260153
3987630
6510430
892776
13248279
7459744
2335737
686266
6456295
4811564
23034039
16643151
3050184
894834
2391661
2675
65548
1902628
1873056
8297390
2484832
16906
2796163
1563079
940013
500416
417430
11383
4386161
306407
83577
181894
179428
65559
117616
65477
1659114
21578
184930
210380
12352
25450
12133
303429
6295
297134
95917
173630
137548
2507475
1906150
2468574
2920450
159320
15577
31911
236364
7724
1268
3231
1132
179108
906638
4022
13154
4652
4524
243312
737
260250
12225
67277
5679934
47059
2357962
271073
2508528
278774
249418
3173
617889
64229
33832
8052162
5253238
6351461
11988797
11092332
8436782
12210127
10654907
994881
2981190
5377519
8193918
5288888
5060267
5662996
2294016
92
9177
7197
1183
756
144734
187726
34817
316394
105259
25242
494760
168871
193501
13884
247
37825
121034
860001
199054
10527890
923145
699
20670
228924
667706
668237
1191832
208254
2793769
409890
636723
633527
1098393
4072
4836593
1788858
414529
251581
778037
147585
577658
84973
322641
135730
158381
1188110
987731
11566
883735
628718
305966
26179
106834
58871
566106
115562
243354
1680838
732714
138622
280130
239148
79751
694544
409962
494165
946914
80529
309
19814
2884
97799
5078
87160
34506
10933
35584
252231
42374
6286
28048
737804
45317
756989
493390
777982
10633424
961
418111
681710
662525
702703
10686039
10652609
10389010
128052
147237
168230
15729191
782224
10707032
760232
10673602
2425
21954
36483
1504404
253033
285804
102400
2087170
1653112
3200602
1288663
1466816
954253
1132335
2811592
963589
19895
4556
1073064
4902341
221629
42184636
1616459
351123
1633194
301246
441059
639006
525049
74537
13163
385417
254763
609220
1446898
164827
452710
509228
6001
934335
118229
309665
131512
5002966
7055893
4044719
1017642
28889
2835066
241913
4254455
2819727
339717
4468283
4281987
3778760
274557
1430163
917600
3321880
926936
15339
2167877
7011543
1268745
943671
212959
1305035
1140697
284456
149513
1557747
204243
5149
247562
349896
4838116
4028377
4166917
400001
1175300
60145
2812574
18527
4455186
8979
244788
1044642
1932889
550260
1654141
1461793
1136645
586704
4265449
1125336
1481696
150211
1897533
1142214
241210
1115250
101490
1541864
49483
1365735
198643
204870
1854100
1707974
373308
26971
1679386
887381
10035
57119
425872
1236878
182480
1208290
114160
461228
82543
123618
70203
3668815
911730
401593
436676
513870
61800
18283
513046
225464
69910
507881
12417
4186660
3636685
4143429
2860775
3141221
2705868
2507510
199321
4040534
2886199
1228193
1288361
1644030
16295
177533
2567762
3180301
311911
60057
7888
588603
560
151735
82736
309620
573640
66840
448418
1007476
273704
831347
1119753
302292
158444
147
1177
211711
584
1746
179191
6069876
10564
1040530
1663
1812775
5477614
42956
12054785
2428403
16386192
13667623
7529942
1955531
179414
127316
16208900
2226553
7800964
2122
6094301
1225225
7853062
5593081
2973148
947101
634144
139688
690031
792854
151292
774768
1791937
10872
441
3368
72311
109701
722902
1074211
819438
348837
6755696
7127527
2783
29719
436703
691476
3101
26142
616698
1366783
2923043
2265383
1397560
1910613
1582402
1484714
1399881
852198
1499989
5552
641424
194538
842329
150276
121748
53194
503877
199221
244506
293181
1331942
358747
28165
171828
217181
245355
300347
206382
5819184
2541934
1005040
533493
174437
128357
822586
2763137
46080
1445422
4446
1112287
111411
15883
51255
15155340
3357401
15562462
4572802
14462774
1477120
425904
1176477
16216
46451
689032
142358
79103
47120
3529
671012
604159
768017
550442
529511
640054
219836
277210
185779
199558
221343
317313
322300
355613
39193
91496
158088
61083
21137
124338
82514
21485
171
151532
269017
477
19894
914105
1685949
639137
2565699
10171
2162444
191141
1549944
2923571
678870
118
874820
1900694
1978142
3746
38271
199055
16244
713199
165236
42479629
70667418
359157
28141435
27717042
806848
827795
238514
121760
88274
1836
8565
64616
271819
216791
109972
12549
155065
66551
19522
121579
785295
100037
41870
4149
6271975
1075802
31473
360261
5407262
10080362
5151938
2013226
8227
23451770
555040
3722718
3296180
8088818
2784078
3307544
856593
597249
3266999
2815136
4205639
73996
1688076
2826500
401111
375549
116205
40915
3259742
3452417
783571
8212126
2162721
2197001
2264030
2301701
521
2131574
8125430
833015
3421270
10720700
159086
21355955
8992199
5842888
538403
10457762
5459225
10132325
1987292
460630
1399270
955021
37671
6406686
12430239
982617
5918434
444531
10591534
1502069
48840
189194
28
1733350
211
55013
1354015
43079
58837
175418
7282846
94876
12062
2659074
219487
7451
1436941
7316
525073
25047
151948
94467
3280
150971
136885
43082
50801
28353
225154
934980
108553
179324
6592
985389
1203951
77463
2072
211068
7719
85182
1211670
218787
65
1158121
31633
116
12767
165238
7835
12040
2347135
1692404
2031258
170730
343091
469750
13114712
523178
41597
1188426
68172
18448
1382541
4206450
469432
109144
4354
66
62792
39648
523454
223668
7286
376954
64475
61833
13468
1749370
7813787
11989
609772
626622
156383
2629753
7853284
6385438
4634102
59094
79553
11344609
3492872
8433314
6185104
9777981
9896062
2380883
24
8904819
87291
3616629
2484665
1102111
1225868
7973
3720411
37580
95131
145070
9594
2125836
617730
579860
4513
996084
59834
932161
50088027
84545241
22779
400559
40417
2998
47961521
133723
81693
621046
174757
42100
3054010
192865
2504307
1543758
7469507
1466311
4013256
115476
220567
5649235
1376616
7030099
241
22174785
97550
34474
19508
185874
167
53982
8949
360239
90066
272425
561019
132964
2012465
3088092
14303
1173198
84471
1302645
1835318
4527239
620842
3876622
705245
712962
213809
1289436
1788589
995679
405250
3142
2910573
1125126
1780872
397533
16205131
3166802
3568910
4952249
3037355
1948628
72739
14125
2560058
2624309
20256
277614
12093
477671
1231747
272978
488178
126639
13457
425666
583871
108045
15778
5271
657334
1221953
293166
508366
1222196
122169
497859
318590
27595
40061
7677
495734
30240
47172
9768
350950
312836
3967751
1661744
3616316
241079
38019
357685
4417053
43696
1359901
127459
2802095
2487519
123007
415890
106215
256784
58988
163589
72158
10225
190615
236628
250371
40582
16792
7501
24430
284000
7638
346440
459005
234542
54404
1762
190254
250010
31699
65012
1173689
515703
2738526
105361
413666
250903
3684751
73561
4712
120855
3810
7602
27026
148171
128539
56796
211069
191437
42
727894
1873
1922101
2949748
2078532
4582967
2655933
1199827
160
131958
73897
143059
23305
2181498
14543
16801
97879
82134
74482
2927578
30405
287700
287548
1252367
44888
2981160
47019
9375005
298662
35707
606029
816981
593327
1809864
9552
46430
22294
489
2425963
190
72253
159928
34104
53488
20277
70
362
4070829
3914042
4330548
73711
364300
21145
60620
200524
401
722557
43458
71758
15570
18949
74754
17577
67408
2718739
207312
7189
1181619
706987
3379
190
632146
2171642
2682449
652244
54477
24812
1053450
2050609
614374
44623
3303057
16215
33419
333957
86663
124725
171169
104209
48729
439
9223
77988
70336
844
588
55690
5180
86258
70513
62861
4990
2983
68
139280
1242393
1139620
1116348
564601
693146
453317
361027
1447
479373
468170
435546
1536883
2670438
2310983
11364
2992589
140763
1929
1636639
2276686
138
277906
1010188
22357
21
276271
307581
673366
221912
617502
251005
1112
602540
968325
261309
31612
3833
1750985
296
656947
13380
638
5234
57188
86389
474721
619523
11357
428864
486078
630880
63108
344781
123499
489583
134856
358765
95475
106832
503567
7543
5549160
4714834
10311687
150527
108300
398756
14384
1124
82
465239
407387
65390
112821
432
30645
3662
17692
442841
29010
429888
50617
477586
44378
374802
578804
70631
22384
308
36203
118062
305776
4094
22933
35886
400157
47739
1458
98048
15872
2919
436052
83634
421828
379001
87985
87516
54874
1068088
1437760
250429
126314
585122
119982
435542
54158
793408
65824
67
4
94
218774
209084
4444388
4221265
2149937
1945
4529375
136943
308949
234813
1353652
2711065
85854
326526
720293
14383
157909
257121
393411
444917
892827
1117607
453852
815758
1117885
2063456
440870
375502
2819698
1087699
1094262
2270451
31615
3114188
635741
4531
629178
122294
2319509
48945
145656
1124
663617
2660198
12340
3004
126825
633709
640272
709803
847367
1050941
1179486
502213
26642
1039738
508776
1168283
836164
2012020
476584
15439
3297
2083872
950566
18837
65257
559401
527766
575808
31296
25236
18618
22563
1127871
354688
463870
3794129
94906
1062246
124758
336854
33053
26463
118115
114271
614461
1024477
4472
147584
14448
1027322
278458
354353
85514
50818
48788
4325965
4396039
1443327
1081729
6304
332383
10535
8642
1106008
341368
9692
158202
44071
547225
4116956
1732850
5673258
6488062
180823
417835
475442
2516694
431314
1292624
2769222
2652385
131032
2947004
3855247
5901132
964982
6101
3929560
3063841
2000565
15334
2902876
6991081
920854
3019713
69
86904
32594
8784
8481
2248346
1384124
878427
629545
1359344
639481
1132582
121493
495122
156841
347
93047
300
874709
639599
1370364
335199
1394147
1341776
299843
56451
35698
1210398
71047
135336
581417
985266
510212
3595548
1088161
328326
152197
91819
85953
440603
11531
1262599
40119
44
2743116
75896
197578
10077828
2184442
568531
234488
751293
2343
118812
156982
452445
1151463
2647417
2095192
715383
548291
77681
1567
6025146
1268719
59508
29440
29777
380114
331525
76
150
60259
58147
2090696
2267754
2415102
2451838
2294221
2489952
842592
26467
2273954
195767
394551
273670
96612
2082
469401
663424
2388635
97786
396633
283435
1695322
365485
261293
542543
1154819
863637
1556950
1436069
1259011
816125
888046
40263
30206
308564
1719973
56862
2115443
184916
63687
17415
137580
208442
542324
171451
185669
6740101
6137372
1790700
3371121
1051309
16825
52515
6778
2513432
796972
2213050
1237358
21626
1505392
1018884
409460
4522146
3526872
2938565
1171931
862693
926454
221526
11700
1658195
2813494
145200
949380
1428107
4121948
3983259
8564075
1664365
4733453
244865
226981
38361
1182630
17884
84181
918855
4070217
494678
2343
591731
1378486
2342
1258631
5316
26875
1178272
2959972
100697
59158
454849
86252
301822
1197503
843457
293593
235271
1248068
170493
80333
374833
6236
366701
579
197587
351186
25846
13505
10483
7373
16573
33455
1030542
953947
629821
81041
20
611383
753336
1283678
1097662
473406
693942
3786
1786504
362606
241032
49354
496061
33140
60053
11
2238520
1813897
1873212
953356
20572
326729
24136
849604
345108
426622
76747
33759
22178
1683306
781377
137834
450041
19405
392863
87446
506599
31179
268425
60533
20586
11783
860056
155041
532121
1352846
168208
2200028
8167796
5860730
3863699
6288393
3872187
4715883
6363243
1956495
3052410
274776
561635
23172
3161
3503
596677
699026
942400
666744
366540
187467
1130048
859341
936
54556
566948
417072
20311
628234
31409
638402
24906
63720
336890
829691
157817
759687
3374315
725263
117340
514101
266886
87813
1156836
58009
329795
800752
508969
26208
595699
45356
271352
1064640
120060
87455
961817
411474
1166870
1346044
2642051
895084
1993911
89427
54485
130466
658230
590648
547251
16429641
1546700
4561521
1199820
1717372
6249480
2065389
2043247
1472953
1247252
3292591
1845981
1549725
713
3280099
4503589
7763787
64
75382
4682239
2945074
3334319
319498
495419
3312177
2025995
297356
476006
1227135
27315
538514
1765716
2741883
16958166
298153
194980
4353230
1828729
528198
7703892
319106
3114911
100090
146997
169139
1396341
278740
2818655
1897
498148
22850
150131
1725350
1700120
1269643
3275339
1532473
24694
2050935
64843
27666
122395
16389
30980
85765
40532
17657
1123589
5439
31505
104499
584701
255800
49001
189026
753602
75820
16561
9939
215649
1670647
107177
4514
1448243
1828449
346294
184062
1443
1744763
517561
10250
169544
66371
83760
358992
331677
857207
828087
1790809
3585962
283765
930485
665637
21615
12196
1272061
1653933
1009911
832123
8945
492665
248391
2638330
179391
2785057
93282
11560
254135
22740973
30452084
32737056
11057266
4437896
4518498
17465446
279848
2757118
22150356
23120970
5174057
16350085
5613604
218357
147910
11350332
5251209
145083
1407
5968161
409
6096
5467123
432813
82694
16572704
5836223
21203
712255
25639
161417
73491
6696
963167
21091
315643
2781319
7629604
2900260
669863
5045656
419611
8793947
2772271
2393297
5246063
5587147
69842
2701537
1573207
1386438
754326
191014
14001
854633
1445503
139712
275942
796541
145062
1341199
1377966
1191197
559085
63310
1258734
16226
915717
12461
205115
246546
5112484
5178444
2739757
902829
18216
2207238
1621892
25183
626219
3160
457882
28435
13252
26809
160877
252936
168207
297747
287240
488671
169833
320709
245
456225
501036
347
32731
490529
1871
16929
105628
16016
69733
4455951
43964
701778
10185
102
46161
465690
384177
14352
573867
6343896
2443850
6149
13256
2029020
81414
98828
99479
5350170
18113
2576365
112679
5321759
2672058
2547954
130792
8973
234372
155
153884
374350
1614461
7414
8426
11737
21530
33524
408829
174336
77966
13171
10916
91607
18123
174617
54974
114398
314521
63898
21441
7716
4398
3318
110898
1144986
19555
76574
670354
1250631
27888
179
197092
78979
28479
79965
732944
525354
1997167
656850
8672
586
19875
16079
247895
422972
51416
3674021
109206
662921
19054
185147
90212
152593
5974830
1387816
278
3230094
1035917
8969805
1842362
262740
1825664
18539
2854189
142748
33417
351889
6531476
1176539
1282093
719072
4907
9891
741331
561536
1533818
22618
487787
7333
2299619
42369
76140
4465
71675
29848
3904724
1003718
11546
1037737
3658
195159
9281
138439
1070340
1130307
163250
106530
1210958
2540368
33530
725398
186175
77038
717323
1864531
43141
4193367
67951
631991
1001503
204618
18464
5179687
842501
3477855
793700
223719
4155605
1078851
3518
1048163
7813737
6940077
15256
1806515
3161482
2043631
823057
3271135
237234
18329
214739
949886
1182464
188276
975742
37928
33893
4972435
2278651
467163
15264
257850
3818
7694
64640
547897
481008
2189925
841162
1083737
333074
878201
754376
196884
1045790
542597
905668
1596133
186921
440802
2480138
679863
13835
1400048
241
195102
146825
36714
2179
102
21669
370840
109423
315074
280393
41305
1254454
519441
302270
212443
704985
209484
212452
130579
111483
507921
712402
255659
473240
103982
98960
283066
394769
18268
192749
44183
152259
497411
614281
352582
121748
558233
523552
305971
180891
154294
333378
243061
547723
202571
497637
175840
175831
532318
675790
135880
233881
307463
280056
358157
154976
128379
217146
521808
176656
7571
91406
79604
4015
240911
70047
38
289354
2272001
1612209
217044
858999
1925182
1051522
1282538
344165
953629
930248
1185915
556537
40522
394836
893465
65396
371369
3351115
13130
2352379
2327749
65153
298655
119801
652648
821973
74675
352949
21188
23223
1694
148049
10502
86
6099
168607
34516
542773
175604
112068
892215
780147
1074577
464868
306736
839496
654841
771604
708208
2843995
1360
965617
1758
9539281
66009
1744902
115414
1670697
1059143
914543
143089
70589
41295
39217
956
31780
1273600
105
29949
3405785
3706428
4024
228467
4337
224130
2142
5500361
268124
678932
3620
20671
949522
546674
584035
798743
747795
99335
347780
884946
1144942
1766175
1126404
48290
114359
313155
498318
1465760
2845544
4975746
728735
206807
16677
4242854
2056963
36156498
173116
27195
93484
32229
6533694
583045
8322
482031
33727
14995
19120
247701
253048
281358
3144
432835
1844304
4887038
147516
192504
858843
37454
1180564
12866
404977
3679924
6791938
97830
238232
825973
25454
671725
3941031
480049
273736
83984
474954
105415
36314
116041
21671
3027
3050
107238
170799
475
34390089
6071201
17309
12422
219644
322151
5011972
1202072
233359
737952
19584
5016
408100
155960
176755
11818612
1145073
437130
1133759
1080846
72
1579154
1590468
240800
38
8716
425222
165503
15340
414724
1052795
193758
847408
754003
93405
7836
113728
170324
202967
119785
1604180
1661322
17
372283
898125
437341
1348648
1319804
2368539
10578122
5257905
2227887
10282595
3139194
2162829
3110350
1765170
28844
66243
73023
59796
12616
2891700
183243
2788726
8821
2981590
137637
309031
38949
66371
715793
322361
15626
216803
88676
91763
58136
357105
586199
51505
9316
3331769
560750
3308135
204191
1072285
501132
780490
26796
6102
635343
150226
63988
266220
4175
1539266
798439
1232359
1487132
692516
493883
748656
671216
284679
28820
1319392
1485889
9072527
7178918
1366948
4172776
1735857
945432
1287166
680549
3831692
1382760
1357900
5285421
5238120
2676
2677351
2343991
110396
7891078
419538
45360
293764
2161
1456583
1051968
1096588
57263
2669491
1271490
1887585
113655
78634
62421
118785
40367
89662
124237
114838
1363242
251123
108841
11818
59
768245
406881
9504
378
69229
18586
448882
402274
12488
25128
118477
267
190738
6024693
72088
31757
73256
416229
94381
93045
3217399
345291
155496
890693
89604
155683
342421
177501
139631
1757994
1412842
920339
326594
312859
22089
11144
113
121739
715983
370831
411321
75424
9
207243
61772
42568
73939
610382
256913
15161
98530
2902
16637
166725
19625
120114
57204
16714
1538
1549
154025
368370
63708
161795
529
23218
396967
24902
230553
195872
144705
62812
362286
165009
10569
218278
218287
408961
31619
184106
398451
5022
400604
53299
24103
50018
93789
147521
715
171685
5698
206366
195856
90219
172112
76484
531477
656557
504880
164317
908819
874138
271934
96346
593647
898309
304065
553157
411330
95688
903863
301339
49077
81795
266658
13735
715992
189180
17952
361866
386457
220043
290829
59
304564
11031
224244
257557
53196
233506
41130
7140
74443
260243
3268434
4604517
4905160
278741
59737
56
141789
5576007
143521
48479
748564
146009
2911539
3936569
1361937
26166
1027027
15644
459697
527755
502002
14352
170806
190801
4370
6594
6654
3523441
12307
3061429
161165
117247
59984
646863
1950153
1290136
89652
970400
959086
152278
1482656
288508
759774
108295
7
828928
141326
14097
1666956
247
48778
9774
17386
28403
15443
4209
219
49992
69540
253724
6371978
2464855
2805939
119052
6409848
2565
111
69911
150253
5126
9668
37889
186430
28286
12098
58410
409020
1134751
21169
4148
3075
696933
5539239
132294
20689
1573
51147
572346
43675
41914775
528671
2036
395854
197854
1242227
62223773
85281235
23040771
19772
12568
5933
37521
18444
231271
201628
127465
284659
5267
225277
1919
33645
79398
23557
3935593
35089
2628757
324021
187958
44323
251592
105
1196060
1234315
906080
274499
605754
1555
802544
273624
1491059
1059643
1929
654178
117412
178511
722263
371915
102105
40271
90931
27395
288167
1991
286480
17464
298115
180987
391481
327945
280453
123896
89306
587030
213013
646843
76
3777017
965
2816598
659892
8511
3894
65287
136137
1148120
50716
150798
1082334
64843
346343
14426
278797
131849
171183
307383
35209
3850
364088
50417
12575889
502928
199395
102755
688
366728
435382
299182
50712
22084
384725
22396
310477
152285
28818290
134113
118001
108242
153595
54671
45008
264
267168
8296
1876287
1108722
114330
13685
462424
68130
5247
685243
428402
91689
1376
7369
1582292
1544178
858393
1386561
26708
103511
195925
57363
10583
22598
102562
11328
11
174094
5479545
560129
300430
595838
123697
209803
422129
34909
3116
114
99690
40070
140783
160265
22986
216
16492
70186
846350
27636
71855
247454
3923560
3067
731129
10603
2234135
7282949
20132
120
201287
27072
2363
7029
3784
342195
148694
125
90
238918
24207
78
2917669
17837
39370
9004
4046883
10886745
361609
77956
764902
89590
1116347
717371
1357
47651
103146
8388
56651
16605
142604
84172
46204
87885
51422
148300
104302
145983
35438
201180
89868
242861
20256
132567
157695
3125
93120
178277
25128
203405
337830
7524753
75343
100471
48835
370
160724
52563
577993
10466
1204961
115939
88523
185469
311039
535
145917
413394
117878
84755
3196
2154
198081
1729908
44661
80517
146139
5316337
1355
60717
72974
4584171
3249505
3051147
3986702
1748366
202273
111659
22565
271246
11963
12659
21829
1242994
159
228279
1573403
226550
28566
78949
96245
1304316
13654
60943
1187
138722
4321
46530
19815
26151
2526
540643
2078921
55956
140137
401427
284203
146138
1440234
427757
127829
109761
176213
240517
4983032
843502
1201890
110092
702685
252648
184945
1223283
11095
95311
1323259
518102
1038700
362
966610
1915852
471095
363766
448870
1398112
991693
2436450
7510020
1402413
1487208
687904
263743
1212985
1208502
170164
220
337296
20910
42141
584017
591347
592973
378
29241
122698
15065
26643
44293
49649
1459
7373
1894568
612497
28214
8166
52534
10694
8
433717
2970
7044173
11413
12256
37943
175613
41450
25014
44011
4246145
818
11118
694964
76336
624898
921619
127259
67674
224584
1049374
966729
141939
2166
44047
41532
691704
820311
16957
2011
16907
17644
293
3798
6695
20293
6889
248
97123
1696
18089
48482
54957
66314
12405
38331
129180
69619
8883
181320
428459
152
1841124
1964571
1054798
951824
68617
18794
3084564
240611
34516
3031461
13010
50540
21251
40187
4593
20705
326
12655
93
4499
50905
38241
3373
18767
10048
1728
9854
1135
39212
34868
11832
3113
29434
2791
11146
14166
42387
45407
26643
17416
316
6385
2240
6040
38521
7422
26582
15922
2030
4271
2418
14610
40
7388
7348
1884431
317129
2428380
39199
279259
3037
8615494
1382608
5769348
97720
368456
11537540
2676224
168987
2296227
1705610
2622
27042652
6167
392
8705
90
801333
474617
85966
449150
589649
343615
95034
685501
227042
1048685
1276877
4513
237466
3426
11183
22725
4323
3585
3523013
6174709
2935403
883423
1184526
1132485
2044765
241847
66524
3329
18433
3306
12279967
486395
106748
320
112917
226102
143006
120312
8565
84321
570427
97810
181974
510693
261225
644099
242248
1182
1061611
537815
21811
509096
505089
73928
99116
226
76619
12198
55401
640185
46
1447
666371
91132
18858
21588
233937
130638
151621
57087
19366
3241914
1609
255
176153
29056
146466
5705514
6296131
1140608
5306182
16698124
15537444
21680
49344
67419
123983
12584
53753
717674
35479773
2818343
87628
1634561
3385897
28995
211809
30
1053566
20783
3913
36032
2041
28168
5538
4543
3952
6259
476603
1456236
686982
608
137767
862
1221
62449
51678
6157
16390
13389
36613
25826
59794
919683
165657
691290
57079
486408
152394
99570
33634
6564875
518077
31187
6059
3724
27567
42220
8496
667463
753
14081
15719
1954449
17308
123689
926
165567
39434
7231
42804
590
5220
1351
21653
168085
784
5807
867
2487878
56493
245683
510
15862
1025486
407491
5360
1940678
286610
92953
3598
4876219
1887850
198837
716036
7098
5716
100417
274910
1618655
231069
353334
624
1870192
4462546
604871
1226118
114723
33193
23849
1920222
1870586
1020264
28550
238532
1228836
120046
9103
50977
260651
11521
115551
806053
2019787
400849
145990
94899
49980
23314
475502
269
22206
2074846
257093
28236
1888
106369
2143
274253
892491
27940
74834
111917
28525
313867
44616
7046
2020322
223877
30240
2
272092
36801
48217
295682
65990
153818
3982298
769
6171
19719
118423
349778
234365
116429
204685
625437
585635
1007479
35519
5593
108
79775
492490
3742
94702
50446
44961
101081
1
9281
2416668
1454793
855160
9796
10087229
6531120
7342491
675971
690399
2
84229
2269474
2979429
442464
630845
5846394
5673
6635717
5824346
456892
2993857
645273
6485994
2303460
39103
41234
114
301096
74501
12293
814619
173
174
35525
1605525
355386
125573
8571
4065181
213
221315
26119
19518
1647001
10394
1498
1237704
899241
159803
1275574
1443190
878465
49386
11191
45806
87767
44543
1464437
19722
1433217
1485690
21253
40975
4087897
1467054
150023
8776
406700
46632
5556
14241
612537
137155
189991
1015674
3327561
268336
607
803780
416903
346197
766634
2305237
490358
56167
1847840
1393286
25226
135237
123191
487
3372
366556
250547
300178
794906
564322
437987
110544
207403
205250
306221
8220089
11861
908591
464733
136444
100958
1244795
4168075
283264
723093
444872
186353
1089021
419979
632490
346
104784
77805
2193647
48
1401424
131107
1024011
739
22851
42337
29169
72927
15978
21726
549114
213
26572
17680
49630
2270965
2788705
3309303
4152441
782315
13515
51459
2092266
3175941
77905
2409845
315495
22067
796510
18456
297016
40616
23020
39952
171199
32300
1274171
30329
47594
4909
327521
50040
116
142273
5448
110796
80653
459359
2633339
662344
530116
3173229
2473214
1920877
1202234
3725566
16301
33546
1538330
368786
1922466
402192
69060
3072763
616800
492768
421485
495975
17349
506294
1120430
167501
1302248
5041
50618
99862
179652
746015
37775
3263
16049
2589895
1149608
200171
7642
10194
145721
319017
9103
1126302
30515
17871
54037
63973
84
191
180
8850
6565
10473
161197
139221
150252
29621
31300
516354
5547
126
1336335
3521165
2122514
571116
112304
598294
142508
58763
3663
173978
3612
644
2614276
1076577
73864
1061
789
430990
208463
6189
106
4870463
859400
187
175285
2231573
1360080
49247
46704
248183
6538458
48996
2353355
10776
323881
153504
842510
5315
171701
49076
1055
23786
407269
665575
5065
37977
13133
3276658
16630
103089
278135
100624
4475
364
1107
26198
14688
60571
44509
40886
85395
41687
95917
48093
55031
8568
35346
13344
6938
12215
26778
6339
19685
6369
39518
6149
27716
831
899
5651
27716
33428
5938
76065
69142
8019
6227
131979
73826
43851
16102
64169
58919
11167
38866
20297
48780
26230
30050
141140
145207
54818
70934
33310
82223
61059
3335
9423
18242
12992
65994
56864
38295
28381
47111
50931
63979
68046
77161
87175
145328
99933
57200
77518
72268
29451
52215
19576
62129
33646
24516
8287
43399
154489
158556
90510
39579
13349
71381
67314
9161
13228
45395
75417
66287
22415
47718
27665
37804
12758
56534
60354
54556
58623
86584
20318
101356
97289
9657
76971
81038
42817
14907
73060
32689
5250
82221
86288
125038
129105
10128
20053
25303
32639
22764
4985
102274
106341
12636
9914
134913
138980
20003
42553
15389
10139
32678
22550
4929
92360
96427
111682
23554
43872
14070
38622
18569
28483
120843
124910
4195
5933
9753
32684
53002
47752
37613
4935
27699
4940
129973
134040
9130
15063
18883
48913
63981
21164
69231
11289
146202
43928
16229
53842
25359
35112
150269
31292
5062
43776
101929
13801
23823
28869
34119
13948
18730
8816
111090
115157
3820
4067
105749
47596
17621
37939
114910
118977
658276
22994
5389
723281
54452
266228
59705
431626
563709
14266
4633243
79425
1957561
456488
40071
2152725
2624494
23017
24073
101
116
2716
3158969
5607
350636
362268
327060
10179
42261
71819
75009
32082
233212
2628
153188
132055
362245
56773
5142
1339186
6203510
4582
14899
4941
617806
806502
21202284
84121
2215262
707663
40622
166
757765
6921
563807
686224
75
135892
58218722
20292
64393
24
20268
181476
13314
58119591
6990
64369
29645116
74717
29850603
194790
79069
11
6603
79413
167915
66
98
4186754
1597584
246333
908208
5785122
4433871
4097
30877
967141
112221
230378
53665
3847
271725
549867
134871
302359
37167
19699
4
40821
16297
936022
3404
59868
1798782
1367
44871
221985
277039
236833
11884612
7093698
2696769
29977
1214
84406
59382
1937
3419
506
5356
1073
6429
191927
13323
5685803
146646
22786
499062
180641
131387
52688
148901
967970
355061
6420
33307
36622
29126
7496
645192
238224
18309
4533
828640
2251105
4620372
2764092
2043038
6042837
4186557
3465503
1358556
15271
8420900
76277
870370
4248486
2208077
29900
1792907
2512397
656117
65006
253
6050
1437860
30000
292717
44169
127232
127232
20868
0
165581
165581
2508
12588
243293
926098
4057
4234375
1402
44464
420454
1369217
3942565
82956
772937
716217
1110
29005
329
36036
30283
195
5319228
828696
61348
124292
3128
33871
11243388
83439
128
6411
822143
846419
3737896
2492636
18337
4107311
12983
11577
35662
3030
286684
6659
28082
32110
1813
336098
736214
18019
1179502
18675
1715
180
1754961
71297
190213
34542
738653
57936471
12983
123014
29449
10602
492291
10840
32389
67111145
2761
542
331741
7316
20258
637538
38180
76906
77090
1833715
1529650
1580661
184
11
307963
506959
0
6574
33038
7530
9118
24608
2
2
526247
17166
98900
9193
11049
3013686
113052
88757
33277
16184
23039
616
51390
28446
22480
59978
210644
822268
66735
965120
123794
3823261
620687
1357144
1979712
31225
10177
40577
86293
5235
32645
105205
4543
22455
5659
10711
1085088
4026
288768
20793
158952
6114
108532
94804
114541
11141
27818
37322
377377
67276
23031
409
67270
23440
16539
67685
159146
83362
193681
391278
148174
236942
258564
167552
21509
312630
89287
32199
98256
176904
74673
22568
95855
8683
50348
75460
6070
151148
229796
29166
136867
73566
139556
97082
116090
44190
26348
37442
4153
69726
51944
206280
293452
139116
127632
67670
58219
117934
193622
48544
272270
21182
95829
254335
136663
58613
298528
317477
56691
119553
35306
1511
7037
75431
96172
127813
239987
386898
20531
211668
3579
29952
29378
223532
539415
580935
446153
5440
328111
361906
8921
49755
192001
170148
103042
76886
20958
198467
69247
39190
51466
17671
135713
39942
4608
24598
7825
29206
22657
384962
473708
142070
24724
132789
6239
44135
32316
271921
32584
27017
113857
73820
53043
4623
90064
39032
11416
18255
479432
773882
230313
28170
746575
6886
339961
324857
149627
80387
9745
13390
51265
65374
59074
134715
345378
170
573
297320
47758
651441
758542
256
906234
59376
168142
248338
35634
289769
120403
99221
33231
80414
56747
159062
3855
4726
15911
69241
31789
25956
99564
34017
91466
152544
29248
346254
51975
130071
89727
82336
44872
31916
150575
147290
20759
137951
107153
27249
106913
266472
232945
574374
10618
69535
532193
210235
476149
62336
40599
161161
16193
4653
77105
9474
29122
177021
546958
140344
370838
0
40415
34924
598676
192062
12317
115639
138349
250834
102935
532144
476100
10285
29442
276616
29442
44523
4476
15584
1139
33087
82620
23149
86292
64006
22107
42573
129251
25351
11222
35184
1126
517955
341004
81971
4535
28958
52583
54483
22589
15651
565292
28436
11319
29778
4453
101839
3171
56430
4421
33818
34944
40414
38
33422
8838
120839
80986
54252
112867
57888
307958
129579
660
2654077
7983738
1886
52
